16.595079091007296
0.9996348427651652
0.015337517437323665
0.04295392640416162
0.034072590078403416
0.012152333112800668
0.041570642519991395
0.04364926518904086
0.30064998828725503
0.5641284936315132
0.02595065063089002
0.020923626260919297
0.023684302294105813
0.5798746279574841
0.03692514391496579
0.02817455806189168
0.031008552180704523
0.014552823574029173
0.01988945728697483
0.02157546543665948
0.028174797790137773
0.35432397539270044
0.032892912145098145
0.015143291479474946
0.011658585437558534
0.14843389600225898
0.4939726213552169
0.022370469343560035
0.019376014789959487
0.017766288886160813
0.01741993339360059
0.02639029968218649
0.023093784045601893
0.35684689163968525
0.019625970782808862
0.2147450645252572
0.019489881146749613
0.01692851031237638
0.02110137031107034
0.024403399845289053
0.13548234143043641
0.010691374175755178
0.019950876939248175
0.36089549313202846
0.012798279246166834
0.022292716681368313
0.012871320754985843
0.011583405146408496
0.2570624566303789
0.008831004837411852
0.0011660543291609614
0.0007296739462441873
0.0008727278171939363
0.0013672082374411372
0.019621688186216263
0.017818650925209803
0.014106291384910914
0.0014850813516091611
0.0015555411663503477
0.0013614516291375282
0.001239441927168189
0.0012010596710115755
0.0014378939502523692
0.024402370057162316
0.0012086155379595965
0.0009951738900973051
0.0008591985554750923
0.01698446181142804
0.0009251761147236741
0.0008338499211854768
0.0007503723627322721
0.0006768258317734603
0.0009270561461848719
0.0007103699569417724
0.0005797519459142601
0.016740873030572676
0.00117111432618996
0.007799862533545328
0.0008011823261487852
0.0012032472576088036
0.0008310836318529115
0.0011598364358506447
0.0012990999199967272
0.001314175501700177
0.0014104652988065635
0.0014841118682792796
0.015126969868116426
0.0010131567737731119
0.01192820555592102
0.001192986867261628
0.018541803025335563
0.0011087586170183538
0.001405428633394955
0.0011724858907618506
0.000820029223288745
0.0009050244698668662
0.0006453179256432481
0.0012270643641037347
0.004446417396529796
0.0006514661936144451
0.010910584804353127
0.0005761632916262575
0.0007709952602560805
0.007724504982553766
0.0006264209532577318
0.0007209002637850541
0.0005882134561784211
0.0007704883100883858
0.0008466709724918432
0.0006017457522952065
0.0005265344610114486
0.0006448872423908273
0.0006710614965709669
0.0009832973556517764
0.0009609256489300723
0.008835619807777306
0.0006369660192382341
0.0007220123371456097
0.0006800286999835675
0.0006496631317521113
0.00047203895139332933