9.819560110457704
0.3233498299303358
0.01978636473049136
0.0164531742870524
0.6623148402699612
0.4335615913057776
0.47077129409164326
0.024856422885245116
0.3109640106686203
0.36350739124590975
0.22391924709665348
0.24802230377091908
0.9557959521865743
0.8134140093952896
0.7658269489349543
0.0275065753623481
0.021965450498664246
0.19131401340838977
0.43533700425648586
0.024862048923041887
0.21985680366605334
0.03247389555804003
0.01938192972876481
0.4950567197875121
0.023235739741768326
0.0336630484328193
0.017203632966448796
0.017585324250862597
0.026815079945226833
0.02783496308071863
0.019031127702946796
0.2859365283065559
0.01937831296094492
0.02536129717791984
0.01517800318003085
0.01037871768448365
0.027070590082624697
0.24757903699854855
0.2719624290225203
0.013702551862332598
0.012272387613262119
0.015457880549442663
0.01435163373612824
0.29948909873207424
0.3225850554874048
0.018607222755728625
0.12123740402960609
0.013973726701504404
0.015593477087830314
0.009957533112742015
0.0007084569344256972
0.0005376540682077294
0.000864236153563801
0.001401484301415389
0.00047275601957808835