10889.000000000002
0.47368421052631554
0.2988929889298893
0.2119802268101187
0.16021586774437765
0.9999126392319023
0.998719902245072
0.034157015728157776
0.0399295886880035
0.013583163181864753
0.012214036515536665
0.010982866205802026
0.0635632186293936
0.5638178435670456
0.03618999536501972
0.03276346507271111
0.5247058251765089
0.04491059296320795
0.026337771477412206
0.03143154697447196
0.047980381265115966
0.04960317173007899
0.03971177394204892
0.03928403573838162
0.02726005687768237
0.5775826058187405
0.4948614571594941
0.02267839499498383
0.01810845985206047
0.024715130811400282
0.01482363120421587
0.4551586927787715
0.48740748185313676
0.026499690694367365
0.024525233282313444
0.32124426473175394
0.01711228639023331
0.01533638695668141
0.386701167507297
0.019805500589130897
0.015461600525635756
0.015001521453726052
0.2678218869444182
0.3405814019239671
0.08102054395187919
0.01637533250943059
0.021678679516105078
0.015277407429971315
0.01944412162371488
0.05272990362706481
0.0018539008310487922
0.00193282900505269
0.003883333216367483
0.0027416163934338602
0.0009618326202287718
0.000803801386657171
0.001415549398917465
0.002282131704483253
0.0027365820723861713
0.0017576446199906767
0.0007869454721320259
0.04955775668195693
0.0022128506351511835
0.06160281551692927
0.004195857791839523
0.002693093782943979
0.0032674798888781454
0.0028380733752278757
0.0035421044348852115
0.0021862505552101173
0.0023237389620466755
0.002757760574348681
0.0014989775633811083
0.03678422523822334
0.05036772109452472
0.016009365749974788
0.003305531887283057
0.0032822641205536413
0.0030053988034274334
0.0035090068910736964
0.0035669346949877435
0.003091643082821868
0.025585637859715415
0.0017481241165439108
0.0027819880877107007
0.003154808569005848
0.0015467089738464958
0.002451203827724392
0.0020469581501259175
0.0017539648783648002
0.0034924523038160744
0.0024840473058424543
0.0026568304756691306
0.0030423662772309777
0.001706939423796504
0.0010684557202999515
0.00079359258051373
0.0018154961280146585
0.024410068797318624
0.0017242788827275346
0.002107949646478549
0.0008725923061729102
0.0020617640740970985
0.00267791378330425
0.0019594221640913865
0.0015272112118593555
0.0017391066393344094
0.0011806012874772133
0.0008342706959314144
0.0006245686285433465
0.00097479667551644
0.0011829657447364069
0.0007146947117686744
0.00048359937216342527