17.66067441383699
0.5580576944707317
0.6433607853011633
0.019851353116843926
0.4129683749078186
0.4928246690113356
0.21431128430982677
0.3790966750047441
0.29472411937304643
0.024846590357664015
0.021602054453088448
0.22803550530281352
0.9812993138677989
0.047068956356187186
0.07896155705209741
0.016287838272741408
0.07131876902079543
0.7894437937487666
0.019564399001768505
0.022842237764509037
0.029085586975642362
0.01471673941832444
0.04958412104313432
0.012559214284735472
0.021438465463292682
0.2672873700487379
0.02665988412660869
0.011974208148700519
0.5637667082574387
0.02383838351317036
0.02797687419291691
0.017335805379479353
0.027168852620184973
0.031997844392970036
0.021148415516944994
0.013380631789457606
0.019628904349454284
0.38969548022836625
0.01608144573153848
0.19217758998531387
0.2939107996299259
0.3472035918982372
0.019880488590023906
0.015379301034433513
0.018173594187864045
0.018466434185296164
0.3638582120617192
0.018958475278955285
0.2516427507705979
0.015232720454299473
0.0013516192452699763
0.026873867810299018
0.03571767712727878
0.03701193677838774
0.03133998817607018
0.0026788455308365245
0.0021498537714023914
0.0021934233488175403
0.0322594701089365
0.0176749565776145
0.0029988632287103814
0.0025831967142827227
0.002086613631885025
0.0025260387178549894
0.0015006725131496929
0.001345805374835037
0.022038072419732616
0.00506522911698311
0.0017457005087427241
0.0012762474423900336
0.001136506187592827
0.0010203766419576883
0.0009247529867544822
0.015911744993476647
0.0009886454936081134
0.0019531780929668225
0.0008992547236468607
0.03352306749450744
0.0022738956413426606
0.0014700474934339104
0.026783437823777092
0.001330952356074447
0.0011853126318348024
0.03474909334130294
0.0204124776197043
0.0025025256181159207
0.0016220199282581719
0.03280629153931768
0.02106756023587095
0.0020956961335551836
0.0017987319348817944
0.0018271871267094347
0.0014019820129525205
0.0022069630984375235
0.0021153875990546234
0.00219031430694886
0.0011619738740875035
0.0013186510439782153
0.007454800620450492
0.0005904843841284061
0.01822780933616986
0.0009072549218242293
0.001210938935151835
0.0012559909486019466
0.0011276134230143499
0.0011886513341919226
0.0012275965190563373
0.017393635129294815
0.0012823516012960244
0.0011951280746086766
0.0007240694640970318
0.0005688197664868493
0.0004960436900358603