40.6314584257445
40.6314584257445
40.6314584257445
40.6314584257445
40.6314584257445
40.6314584257445
40.6314584257445
40.6314584257445
40.6314584257445
40.6314584257445
40.6314584257445
40.6314584257445
40.6314584257445
40.6314584257445
40.6314584257445
40.6314584257445
40.6314584257445
40.6314584257445
40.6314584257445
40.6314584257445
40.6314584257445
40.6314584257445
40.6314584257445
40.6314584257445
40.6314584257445
40.6314584257445
40.6314584257445
40.6314584257445
40.6314584257445
40.6314584257445
40.6314584257445
40.6314584257445
40.6314584257445
40.6314584257445
40.6314584257445
40.6314584257445
40.6314584257445
40.6314584257445
40.6314584257445
40.6314584257445
40.6314584257445
40.6314584257445
40.6314584257445
40.6314584257445
40.6314584257445
40.6314584257445
40.6314584257445
40.6314584257445
40.6314584257445
40.6314584257445
40.6314584257445
40.6314584257445
40.6314584257445
40.6314584257445
40.6314584257445
40.6314584257445
40.6314584257445
40.6314584257445
40.6314584257445
40.6314584257445
40.6314584257445
40.6314584257445
40.6314584257445
40.6314584257445
40.6314584257445
40.6314584257445
40.6314584257445
40.6314584257445
40.6314584257445
40.6314584257445
40.6314584257445
40.6314584257445
40.6314584257445
40.6314584257445
40.6314584257445
40.6314584257445
40.6314584257445
40.6314584257445
40.6314584257445
40.6314584257445
40.6314584257445
40.6314584257445
40.6314584257445
40.6314584257445
40.6314584257445
40.6314584257445
40.6314584257445
40.6314584257445
40.6314584257445
40.6314584257445
40.6314584257445
40.6314584257445
40.6314584257445
40.6314584257445
40.6314584257445
40.6314584257445
40.6314584257445
40.6314584257445
40.6314584257445
40.6314584257445
40.6314584257445
40.6314584257445
40.6314584257445
40.6314584257445
40.6314584257445
40.6314584257445
40.6314584257445
40.6314584257445
40.6314584257445
40.6314584257445
40.6314584257445
40.6314584257445
40.6314584257445
40.6314584257445
40.6314584257445
40.6314584257445
40.6314584257445
40.6314584257445
40.6314584257445
40.6314584257445
40.6314584257445
40.6314584257445
40.6314584257445
40.6314584257445
40.6314584257445
40.6314584257445
40.6314584257445
40.6314584257445
40.6314584257445
40.6314584257445
40.6314584257445
40.6314584257445
40.6314584257445
40.6314584257445
40.6314584257445
40.6314584257445
40.6314584257445
40.6314584257445
40.6314584257445
40.6314584257445
40.6314584257445
40.6314584257445
40.6314584257445
40.6314584257445
40.6314584257445
40.6314584257445
40.6314584257445
40.6314584257445
40.6314584257445
40.6314584257445
40.6314584257445
40.6314584257445
40.6314584257445
40.6314584257445
40.6314584257445
40.6314584257445
40.6314584257445
40.6314584257445
40.6314584257445
40.6314584257445
40.6314584257445
40.6314584257445
40.6314584257445
40.6314584257445
40.6314584257445
40.6314584257445
40.6314584257445
40.6314584257445
40.6314584257445
40.6314584257445
40.6314584257445
40.6314584257445
40.6314584257445
40.6314584257445
40.6314584257445
40.6314584257445
40.6314584257445
40.6314584257445
40.6314584257445
40.6314584257445
40.6314584257445
40.6314584257445
40.6314584257445
40.6314584257445
40.6314584257445
40.6314584257445
40.6314584257445
40.6314584257445
40.6314584257445
40.6314584257445
40.6314584257445
40.6314584257445
40.6314584257445
40.6314584257445
40.6314584257445
40.6314584257445
40.6314584257445
40.6314584257445
40.6314584257445
40.6314584257445
40.6314584257445
40.6314584257445
40.6314584257445
40.6314584257445
40.6314584257445
40.6314584257445
40.6314584257445
40.6314584257445
40.6314584257445
40.6314584257445
40.6314584257445
40.6314584257445
40.6314584257445
40.6314584257445
40.6314584257445
40.6314584257445
40.6314584257445
40.6314584257445
40.6314584257445
40.6314584257445
40.6314584257445
40.6314584257445
40.6314584257445
40.6314584257445
40.6314584257445
40.6314584257445
40.6314584257445
40.6314584257445
40.6314584257445
40.6314584257445
40.6314584257445
40.6314584257445
40.6314584257445
40.6314584257445
40.6314584257445
40.6314584257445
40.6314584257445
40.6314584257445
40.6314584257445
40.6314584257445
40.6314584257445
40.6314584257445
40.6314584257445
40.6314584257445
40.6314584257445
40.6314584257445
40.6314584257445
40.6314584257445
40.6314584257445
40.6314584257445
40.6314584257445
40.6314584257445
40.6314584257445
40.6314584257445
40.6314584257445
40.6314584257445
40.6314584257445
40.6314584257445
40.6314584257445
40.6314584257445
40.6314584257445
40.6314584257445
40.6314584257445
40.6314584257445
40.6314584257445
40.6314584257445
40.6314584257445
40.6314584257445
40.6314584257445
40.6314584257445
40.6314584257445
40.6314584257445
40.6314584257445
40.6314584257445
40.6314584257445
40.6314584257445
40.6314584257445
40.6314584257445
40.6314584257445
40.6314584257445
40.6314584257445
40.6314584257445
40.6314584257445
40.6314584257445
40.6314584257445
40.6314584257445
40.6314584257445
40.6314584257445
40.6314584257445
40.6314584257445
40.6314584257445
40.6314584257445
40.6314584257445
40.6314584257445
40.6314584257445
40.6314584257445
40.6314584257445
40.6314584257445
40.6314584257445
40.6314584257445
40.6314584257445
40.6314584257445
40.6314584257445
40.6314584257445
40.6314584257445
40.6314584257445
40.6314584257445
40.6314584257445
40.6314584257445
40.6314584257445
40.6314584257445
40.6314584257445
40.6314584257445
40.6314584257445
40.6314584257445
40.6314584257445
40.6314584257445
40.6314584257445
40.6314584257445
40.6314584257445
40.6314584257445
40.6314584257445
40.6314584257445
40.6314584257445
40.6314584257445
40.6314584257445
40.6314584257445
40.6314584257445
40.6314584257445
40.6314584257445
40.6314584257445
40.6314584257445
40.6314584257445
40.6314584257445
40.6314584257445
40.6314584257445
40.6314584257445
40.6314584257445
40.6314584257445
40.6314584257445
40.6314584257445
40.6314584257445
40.6314584257445
40.62695965934843
40.634975335982446
40.82749727097155
40.71382761530275
40.59544088084809
40.56723898949805
40.527516867370274
40.6314584257445
40.6314584257445
40.6314584257445
40.6314584257445
40.6314584257445
40.6314584257445
40.6314584257445
40.6314584257445
40.6314584257445
40.6314584257445
40.6314584257445
40.6314584257445
40.6314584257445
40.6314584257445
40.6314584257445
40.6314584257445
40.6314584257445
40.6314584257445
40.6314584257445
40.6314584257445
40.6314584257445
40.6314584257445
40.6314584257445
40.6314584257445
40.6314584257445
40.6314584257445
40.6314584257445
40.6314584257445
40.6314584257445
40.6314584257445
40.6314584257445
40.6314584257445
40.6314584257445
40.6314584257445
40.6314584257445
40.6314584257445
40.6314584257445
40.6314584257445
40.6314584257445
40.6314584257445
40.6314584257445
40.6314584257445
40.6314584257445
40.6314584257445
40.6314584257445
40.6314584257445
40.6314584257445
40.6314584257445
40.6314584257445
40.6314584257445
40.6314584257445
40.6314584257445
40.6314584257445
40.6314584257445
40.6314584257445
40.6314584257445
40.6314584257445
40.6314584257445
40.6314584257445
40.6314584257445
40.6314584257445
40.6314584257445
40.6314584257445
40.6314584257445
40.6314584257445
40.6314584257445
40.6314584257445
40.6314584257445
40.6314584257445
40.6314584257445
40.6314584257445
40.6314584257445
40.6314584257445
40.6314584257445
40.6314584257445
40.6314584257445
40.6314584257445
40.6314584257445
40.6314584257445
40.6314584257445
40.6314584257445
40.6314584257445
40.6314584257445
40.6314584257445
40.6314584257445
40.6314584257445
40.6314584257445
40.6314584257445
40.6314584257445
40.6314584257445
40.6314584257445
40.63033308343957
40.6314584257445
40.6314584257445
40.6314584257445
40.6314584257445
40.6314584257445
40.6314584257445
40.6314584257445
40.6314584257445
40.6314584257445
40.6314584257445
40.63033308343949
40.63036368843779
40.6314584257445
40.6314584257445
40.6314584257445
40.6314584257445
40.6314584257445
40.6314584257445
40.6314584257445
40.6314584257445
40.6314584257445
40.6314584257445
41.047320595008635
41.444835773655626
61.0615913948355
46.73834277980776
40.65326784841154
40.545937585052556
40.396786365995204
40.6314584257445
40.6314584257445
40.6314584257445
40.6314584257445
40.6314584257445
40.6314584257445
40.6314584257445
40.6314584257445
40.6314584257445
40.6314584257445
40.6314584257445
40.6314584257445
40.6314584257445
40.6314584257445
40.6314584257445
40.6314584257445
40.6314584257445
40.6314584257445
40.6314584257445
40.6314584257445
40.6314584257445
40.6314584257445
40.6314584257445
40.6314584257445
40.6314584257445
40.6314584257445
40.6314584257445
40.6314584257445
40.6314584257445
40.6314584257445
40.6314584257445
40.6314584257445
40.6314584257445
40.6314584257445
40.6314584257445
40.6314584257445
40.6314584257445
40.6314584257445
40.6314584257445
40.6314584257445
40.6314584257445
40.6314584257445
40.6314584257445
40.6314584257445
40.6314584257445
40.6314584257445
40.6314584257445
40.6314584257445
40.6314584257445
40.6314584257445
40.6314584257445
40.6314584257445
40.6314584257445
40.6314584257445
40.6314584257445
40.6314584257445
40.6314584257445
40.6314584257445
40.6314584257445
40.6314584257445
40.6314584257445
40.6314584257445
40.6314584257445
40.6314584257445
40.6314584257445
198.66950555802703
40.6314584257445
40.6314584257445
40.6314584257445
40.6314584257445
40.6314584257445
40.6314584257445
40.6314584257445
40.6314584257445
40.6314584257445
40.6314584257445
40.6314584257445
40.6314584257445
40.6314584257445
40.6314584257445
40.62808342175758
40.622819056904994
40.6314584257445
40.6314584257445
157.63145842574448
40.659333637703554
40.6314584257445
164.6610760381791
40.6314584257445
40.6314584257445
40.6314584257445
40.63033308343957
51.76373878302305
40.6279766675201
40.656638973237825
146.76003635106042
40.656638973237825
40.6314584257445
40.6314584257445
40.6314584257445
40.6314584257445
40.6314584257445
40.6314584257445
40.87284978561961
40.6314584257445
40.6314584257445
40.6314584257445
40.6314584257445
40.6314584257445
40.6314584257445
230.1892548185398
227.37802062445667
325.43466658288844
291.3345028106662
908.7352073930981
530.6971994379247
564.0251450660385
47.7539857696256
40.6531181103737
40.56090992090745
40.47388935867622
40.6314584257445
40.6314584257445
40.6314584257445
40.6314584257445
40.6314584257445
40.6314584257445
40.6314584257445
40.6314584257445

40.6314584257445
40.6314584257445
40.6314584257445
40.6314584257445
40.6314584257445
40.6314584257445
40.6314584257445
40.6314584257445
40.6314584257445
40.6314584257445
40.6314584257445
40.6314584257445
40.6314584257445
40.6314584257445
40.6314584257445
40.6314584257445
40.6314584257445
40.6314584257445
40.6314584257445
40.6314584257445
40.6314584257445
40.6314584257445
40.6314584257445
40.6314584257445
40.6314584257445
40.6314584257445
40.6314584257445
40.6314584257445
40.6314584257445
40.6314584257445
40.6314584257445
40.6314584257445
40.6314584257445
40.6314584257445
40.6314584257445
40.6314584257445
40.6314584257445
40.6314584257445
40.6314584257445
40.6314584257445
40.6314584257445
40.6314584257445
40.6314584257445
40.6314584257445
40.6314584257445
40.6314584257445
40.6314584257445
40.6314584257445
40.6314584257445
40.6303330795776
40.63031749434799
40.63031725567633
40.6314584257445
40.6314584257445
40.6314584257445
40.6314584257445
40.6314584257445
40.66950555802704
40.6314584257445
40.6314584257445
40.61002538009926
40.57864156883796
40.59159594682943
40.615475554532
40.6314584257445
40.6314584257445
40.6314584257445
40.6314584257445
40.65995019020275
40.6314584257445
40.6314584257445
40.626944849523085
40.56076351635149
40.43848043005067
40.56491801046145
40.6314584257445
40.6314584257445
40.6314584257445
40.6314584257445
40.6314584257445
40.6314584257445
40.6314584257445
40.6314584257445
40.63031584430256
40.57871623663112
40.62237226425056
40.6314584257445
40.6314584257445
40.6314584257445
40.6314584257445
40.6314584257445
40.6314584257445
40.6314584257445
40.6314584257445
40.6314584257445
40.6314584257445
40.6314584257445
40.6314584257445
40.6314584257445
40.6314584257445
40.6314584257445
40.6314584257445
224.97982118207108
41.16241805158399
40.71527567376104
40.666707705473684
40.68231651485595
40.85729093969446
41.71550245038679
40.608598192546864
40.59656292906405
40.57382095570686
40.50717407216412
40.6314584257445
40.6314584257445
40.6314584257445
40.6314584257445
40.6314584257445
40.6314584257445
40.6314584257445
40.6314584257445
40.6314584257445
40.6314584257445
40.6314584257445
40.6314584257445
40.6314584257445
40.6314584257445
40.6314584257445
40.6314584257445
40.6314584257445
40.6314584257445
40.6314584257445
40.6314584257445
40.6314584257445
40.6314584257445
40.6314584257445
40.6314584257445
40.6314584257445
40.6314584257445
40.6314584257445
40.6314584257445
40.6314584257445
40.6314584257445
40.6314584257445
40.6314584257445
40.6314584257445
40.62695603673329
40.62133675945038
40.623482559520404
40.63031695480173
40.63033308343957
40.6314584257445
40.6314584257445
40.6314584257445
40.6314584257445
40.6314584257445
40.6314584257445
40.63033224661379
40.61452334410579
40.602223231341
40.61678974229265
40.62689060809717
40.630332230555375
40.6314584257445
40.6314584257445
40.6314584257445
40.6314584257445
40.6314584257445
40.6314584257445
40.614503165778366
40.567422386244665
40.54408737380559
40.566454579214
40.60099909012834
40.62241725448972
40.63033308343957
40.6314584257445
40.6314584257445
40.6314584257445
40.6314584257445
40.62807585742184
40.59884651208653
40.543743721238855
40.5120022190532
40.53970952889133
40.619075281853924
40.6314584257445
40.6314584257445
40.6314584257445
40.630340424577426
40.6314584257445
40.6314584257445
40.6314584257445
40.6314584257445
40.629163464554
40.615487128832186
40.6303283394027
40.63033336229733
40.6314584257445
40.6314584257445
40.6314584257445
40.6314584257445
40.6314584257445
40.6314584257445
40.6314584257445
40.6314584257445
40.6314584257445
40.6314584257445
40.6314584257445
40.6314584257445
40.6314584257445
40.6314584257445
40.6314584257445
40.6314584257445
40.6314584257445
40.6314584257445
40.6314584257445
40.6314584257445
40.6314584257445
40.6314584257445
40.6314584257445
40.6314584257445
40.6314584257445
41.13364799156988
54.7227335799857
47.40056415794909
40.619098746950215
40.61909789403104
40.60547483957506
40.537940347352425
40.586513265619885
40.58538297800441
40.586215977721665
40.52872870259358
40.6314584257445
40.6314584257445
40.6314584257445
40.6314584257445
40.6314584257445
40.6314584257445
40.6314584257445
40.6314584257445
40.6314584257445
40.6314584257445
40.6314584257445
40.624703970407715
40.6303316885562
40.6314584257445
40.6314584257445
40.6314584257445
40.6314584257445
40.6314584257445
40.6314584257445
40.6314584257445
40.6314584257445
40.6314584257445
40.61234462691755
40.611103807935486
40.62008603312522
40.62798139178767
40.63030807015044
40.6314584257445
40.6314584257445
40.6314584257445
40.6314584257445
40.6314584257445
40.6314584257445
40.59774629935683
40.52715238233521
40.522827477756316
40.565242988991315
40.604287610453305
40.62244062611279
40.63033224488134
40.6314584257445
40.6314584257445
40.6314584257445
40.6314584257445
40.628075068426675
40.61784880382649
40.56396620995986
40.54510114920794
40.56427445678603
40.599991676654625
40.620156704405794
40.63032613052414
40.6314584257445
40.6314584257445
40.6314584257445
40.61797812069362
40.6314584257445
40.61671903226738
40.575169530321766
40.55747078492707
40.56293778817249
40.589940587029034
40.6212838048475
40.62808174858676
40.6314584257445
40.62920836097006
40.64447550930769
40.6314584257445
40.6314584257445
40.62806666334488
40.62353426660981
40.62128737454307
40.61113618089383
40.62920333821434
40.6314584257445
40.6314584257445
40.6314584257445
40.62358261353356
40.6314584257445
40.6314584257445
40.6314584257445
40.6314584257445
40.6314584257445
40.630330842128274
40.6314584257445
40.6314584257445
40.6314584257445
40.6314584257445
40.62470817699448
40.6314584257445
40.6314584257445
40.6314584257445
40.6314584257445
40.6314584257445
40.6314584257445
40.6314584257445
40.6314584257445
40.6314584257445
40.6314584257445
40.628229812904706
40.6314584257445
40.6314584257445
40.6314584257445
40.6314584257445
40.6314584257445
40.6314584257445
40.6314584257445
40.6314584257445
40.6314584257445
40.6314584257445
50.29931194386415
40.614468986526866
40.60224998772799
40.61121345810234
40.61009423719419
40.61906752115178
40.608927795759435
40.58775864809247
40.58766341681506
40.59215079324307
40.539563696761306
40.630331130427344
40.62805996740091
40.6292078025188
40.6314584257445
40.6314584257445
40.6314584257445
40.6314584257445
40.6314584257445
40.6314584257445
40.6314584257445
40.6314584257445
40.60560099900156
40.59100930835894
40.61908809298943
40.628061756757916
40.6314584257445
40.6314584257445
40.6314584257445
40.6314584257445
40.6314584257445
40.6314584257445
40.6314584257445
40.60447819982638
40.50883590466569
40.47638690494562
40.52938447825637
40.576430054864176
40.61568608132114
40.62807534778066
40.6314584257445
40.6314584257445
40.6314584257445
40.6314584257445
40.62466229693287
40.59176941970686
40.56151221899759
40.559568453512014
40.57081086177496
40.59872940481525
40.62016255906392
40.62694904404377
40.63033308343957
40.6314584257445
40.6314584257445
40.62806170142006
40.63032352769015
40.625793169442616
40.60104474362803
40.58989274448904
40.591068215770186
40.60227427551861
40.61454941510042
40.620201720316615
40.62808397717174
40.62920501743576
40.599974607028216
40.61908366259031
40.62920470869536
40.626945151885295
40.62241487923585
40.61006966825385
40.60560056183377
40.6011685321308
40.62470589885258
40.62920445695426
40.62808314220984
40.593253451478894
40.62245161693052
40.6314584257445
40.6314584257445
40.6314584257445
40.6314584257445
40.6314584257445
40.62806671933142
40.6314584257445
40.6314584257445
40.6314584257445
40.60794440951211
40.62808314291524
40.6314584257445
40.6314584257445
40.6314584257445
40.6314584257445
40.6314584257445
40.6314584257445
40.6314584257445
40.6314584257445
40.6314584257445
40.74264426157576
40.63033308343957
40.6314584257445
40.6314584257445
40.6314584257445
40.6314584257445
40.6314584257445
40.6314584257445
40.6314584257445
40.6314584257445
40.6314584257445
40.7332060675572
40.63033308343957
40.6314584257445
40.6314584257445
40.6314584257445
40.6314584257445
40.6314584257445
40.6314584257445
40.6314584257445
40.6314584257445
40.6314584257445
134.06125190170903
40.68700340113098
40.60558214998103
40.6022327338182
40.60898200061017
40.61796063166895
40.623579256110794
40.624693693470306
40.600016133122935
40.60111005530877
40.55641099790838
40.612301801003184
40.582067794149154
40.611137543737826
40.62470395257016
40.6314584257445
40.6314584257445
40.6314584257445
40.6314584257445
40.6314584257445
40.6314584257445
40.6314584257445
40.61121704249815
40.555316037430934
40.55185066829474
40.58074302148962
40.60539276473926
40.62016055565353
40.629203320915536
40.6314584257445
40.6314584257445
40.6314584257445
40.6314584257445
40.62246691105209
40.57720668496726
40.51754801436801
40.524948776843644
40.548318670895924
40.5897234122406
40.61347453895118
40.62919889191757
40.62920557029847
40.6314584257445
40.6314584257445
40.683408676325215
40.6280836452782
40.61898921647389
40.60658657860606
40.607803566101914
40.606654021447014
40.61121456359968
40.61569599045899
40.62469254262446
40.62920417741944
40.63033196609199
40.63033308343957
40.612328068179735
40.6269373723283
40.62020665462336
40.62019204322
40.60785376032249
40.60226850777223
40.60447695252492
40.605653948639194
40.61907754377768
40.617965633321774
40.64300071996038
40.59558050974312
40.62245742529557
40.63033308343957
40.6314584257445
40.6314584257445
40.63032751310917
40.626940472178134
40.62468703936876
40.6269518778479
40.6314584257445
40.70397228802305
40.59900502614142
40.62245349684255
40.6314584257445
40.6314584257445
40.6314584257445
40.6314584257445
40.6314584257445
40.6314584257445
40.6314584257445
40.6314584257445
41.001273328755794
40.61500969297187
40.6292005815481
40.6314584257445
40.6314584257445
40.6314584257445
40.6314584257445
40.6314584257445
40.6314584257445
40.6314584257445
40.6314584257445
40.80603445079321
40.624706187606066
40.63033308343957
40.6314584257445
40.6314584257445
40.6314584257445
40.6314584257445
40.6314584257445
40.6314584257445
40.6314584257445
40.6314584257445
41.305184756793864
40.62020112026004
40.63033308343957
40.6314584257445
40.6314584257445
40.6314584257445
40.6314584257445
40.6314584257445
40.6314584257445
40.6314584257445
40.6314584257445

268.7399057445675
41.13111147680949
40.60537595775905
40.59774461773914
40.6044718224857
40.61455706456454
40.624707024585426
40.62695519884399
40.62920612696887
40.61793051316046
40.57881179322754
40.6314584257445
40.63031944360632
40.621291087945536
40.622445402154085
40.62920221862366
40.63032917513765
40.6314584257445
40.6314584257445
40.6314584257445
40.6314584257445
40.6314584257445
40.63033308343957
40.592033250992614
40.54320844538218
40.52093136802024
40.55596876988211
40.58969560022637
40.6089689331824
40.62470758154448
40.628078962313516
40.63033336229733
40.6314584257445
40.6303311297906
40.62244904580892
40.600960238920514
40.598754142426934
40.59648959390026
40.605577440522055
40.61231177033592
40.61794337636631
40.623586222056815
40.628079242348505
40.6303330833013
40.62695408433845
40.61231578868515
40.622421213211744
40.61793611956955
40.62130584364694
40.61907245470054
40.61122586246104
40.607863933234334
40.619086689520046
40.62582397739576
40.6235759252209
40.613457123598636
40.57528883677236
40.58647336261858
40.61228271031413
40.62920584773081
40.63033029308281
40.6280700609898
40.62469896032027
40.61909030790669
40.62020780815251
40.60449986106615
40.61025121895333
40.575354063662054
40.59663393191272
40.629208360816506
40.63033308343957
40.6314584257445
40.6314584257445
40.6314584257445
40.63033168731494
40.630330574416035
40.62694797019127
40.74234896602244
40.58316269673754
40.61452325948314
40.630332243234086
40.6314584257445
40.6314584257445
40.6314584257445
40.6314584257445
40.6314584257445
40.6314584257445
40.6314584257445
40.60342203825882
40.60006329789027
40.62243441324041
40.6314584257445
40.6314584257445
40.6314584257445
40.6314584257445
40.6314584257445
40.6314584257445
40.6314584257445
40.6314584257445
40.656247000077194
40.6156709447473
40.6224298780636
40.6314584257445
40.6314584257445
40.6314584257445
40.6314584257445
40.6314584257445
40.6314584257445
40.6314584257445
40.6314584257445
41.88735872021317
40.6067251801731
40.62468563563539
40.6314584257445
40.6314584257445
40.6314584257445
40.6314584257445
40.6314584257445
40.6314584257445
40.6314584257445
40.6314584257445
321.54076797213463
41.71599142560942
40.585918637633284
40.59099913515428
40.604410897446606
40.607844273333555
40.613447346958665
40.617965389449466
40.62695547695117
40.628081747852455
40.61232976728766
40.6314584257445
40.62920557068337
40.630328348925325
40.61682572750851
40.61231836195479
40.62132645503194
40.61346707543157
40.625833450207985
40.63033057235082
40.6314584257445
40.6314584257445
40.63033308343957
40.620197787775396
40.61122673759896
40.586556428226416
40.58213248261079
40.59884085470305
40.6156738953987
40.62245574615585
40.62358178462091
40.628080912665894
40.630332525355925
40.62920724531601
40.62129423150586
40.61568763656555
40.60223226753868
40.59663874822412
40.61456095028387
40.616834620907724
40.615694605470686
40.62468921374025
40.62582203816414
40.628078401123865
40.62695603123811
40.59773959419314
40.601084461579596
40.578781928078875
40.60776508435315
40.61454281347418
40.61679611600236
40.61905668295893
40.619073639299486
40.619074758930694
40.61122126391853
40.63032666774842
40.604442256531236
40.593277313064505
40.61004328215879
40.62131556484308
40.63033084898745
40.6314584257445
40.6314584257445
40.63033029337177
40.62694962151171
40.61122926631595
40.61794393790504
40.6033491246213
40.595506290708286
40.61459816419607
40.6314584257445
40.6314584257445
40.6314584257445
40.6314584257445
40.6314584257445
40.6314584257445
40.63033168154687
40.617940416505036
40.603289768525926
40.61121176079455
40.6269423949837
40.6303305695707
40.63033308343957
40.6314584257445
40.6314584257445
40.6314584257445
40.6314584257445
40.6314584257445
40.66206762917501
40.588938825316
40.61456650470257
40.62807588879928
40.6314584257445
40.63033308281675
40.63033308343941
40.6314584257445
40.6314584257445
40.6314584257445
40.6314584257445
40.765258987434
40.54731765479131
40.59549828659443
40.62582231202162
40.63033308343957
40.6303305695707
40.629206965353944
40.6314584257445
40.6314584257445
40.6314584257445
40.6314584257445
40.78017122792986
40.568216080975844
40.57758195513141
40.60001666136995
40.613427178682144
40.62019940264648
40.623578144864794
40.629201113870906
40.6314584257445
40.6314584257445
40.6314584257445
140.8989123629999
40.672378161157795
40.6157152261952
40.62466892797916
40.62018825093469
40.623571759310245
40.625826199927296
40.622454090187404
40.62583345007739
40.62695659405544
40.624675678615134
40.6314584257445
40.6314584257445
40.6314584257445
40.6314584257445
40.6314584257445
40.6314584257445
40.6314584257445
40.6314584257445
40.6314584257445
40.6314584257445
40.6314584257445
40.6314584257445
40.6314584257445
40.629207803285375
40.62695407398196
40.62695018434586
40.62470869793941
40.6314584257445
40.6314584257445
40.6314584257445
40.6314584257445
40.6314584257445
40.6314584257445
40.628081192484956
40.62246299625751
40.62018469821778
40.59771719923248
40.60109746055274
40.622442703764534
40.60898449234011
40.61571179765027
40.62019947232554
40.6202003012475
40.6314584257445
40.622461602074075
40.61908558748128
40.61006287206468
40.58763018298876
40.574240526077425
40.57648100574871
40.60337599035559
40.60674608224833
40.61460230803129
40.615709037968486
40.629207524466175
40.622457707995004
40.61906666889804
40.61121818050673
40.61571848462354
40.62695854527108
40.6292078027942
40.62920808142878
40.63033308343957
40.63033308343957
40.630326408345475
40.62808258527683
40.615703455289236
40.60670971074118
40.61796259294121
40.62134121517454
40.6314584257445
40.6314584257445
40.6314584257445
40.6314584257445
40.63033336229733
40.63033308350865
40.62133864252436
40.6010998443298
40.597741522445546
40.619040022968505
40.62920472321665
40.630332804597224
40.63033308343957
40.6314584257445
40.6314584257445
40.6314584257445
40.6314584257445
40.63361876934492
40.602195411522004
40.60670496026725
40.62244959639821
40.62920613094524
40.629207803285375
40.629207803285375
40.629208360970054
40.6314584257445
40.6314584257445
40.6314584257445
58.67705935260456
40.59435689844815
40.58537871728063
40.61112659531701
40.625832329198786
40.62920557108344
40.630332804044194
40.6314584257445
40.6314584257445
40.6314584257445
40.6314584257445
46.14982052443715
40.62381283428141
40.62130256792731
40.614566789750874
40.62131533690703
40.62694988857655
40.628081469147126
40.63033280293992
40.6314584257445
40.6314584257445
40.6314584257445
513.7995213652853
41.28059857844704
40.60336571602585
40.60449646641127
40.61344351338043
40.620201097819354
40.62808063236807
40.62695826411631
40.6314584257445
40.6314584257445
40.603407015534266
40.6314584257445
40.6314584257445
40.6314584257445
40.6314584257445
40.6314584257445
40.6314584257445
40.6314584257445
40.6314584257445
40.6314584257445
40.6314584257445
40.6314584257445
40.6314584257445
40.6314584257445
40.6314584257445
40.6314584257445
40.630329737594515
40.62920446026001
40.63033308343957
40.63033308343957
40.630331965132875
40.630331965132875
40.62694964634893
40.6314584257445
40.6314584257445
40.62920501847578
40.62695631670127
40.616830775463335
40.61795480081048
40.61571650187751
40.61458649473959
40.616835495684136
40.61571790319316
40.60339543737373
40.6314584257445
40.628079798353646
40.63033308343957
40.61796927080664
40.606748565355055
40.596656786674544
40.60554724909979
40.61119390621659
40.617961209155624
40.62245214799454
40.62132813541793
40.6314584257445
40.621336762052934
40.62470201723761
40.62020474807826
40.62021086034869
40.623582610011795
40.62695519727001
40.629207803285375
40.63033308343957
40.63033308343957
40.63033336229733
40.6314584257445
40.61796176233747
40.61122400983239
40.61683883774845
40.622458261688195
40.62808258527682
40.630332525770314
40.6314584257445
40.6314584257445
40.6314584257445
40.6314584257445
40.6303311233125
40.611210332515576
40.6157103287846
40.62020721562815
40.62470284755173
40.6280834214505
40.62808397881284
40.63033336229733
40.63033336229733
40.6314584257445
40.6314584257445
40.62242074194992
40.603255841907675
40.61333899962886
40.612311055642905
40.622458814746416
40.629207803285375
40.629207803285375
40.630332804597224
40.6314584257445
40.6314584257445
40.6314584257445
40.60884532027177
40.547560791329765
40.57287631970784
40.60335017235424
40.62580618638293
40.630332804044194
40.63033308343957
40.6314584257445
40.6314584257445
40.6314584257445
40.6314584257445
40.6314584257445
40.63033308343957
40.629200000210666
40.6280736826916
40.628079234900646
40.63033252494025
40.6314584257445
40.6314584257445
40.6314584257445
40.6314584257445
40.6314584257445
40.72098388083751
40.623575926351414
40.597717247689815
40.59215378592262
40.60218525784015
40.610072728182914
40.625832049219404
40.624711204479716
40.62920836097006
40.6314584257445
40.62582872312054
40.6314584257445
40.6314584257445
40.6314584257445
40.6314584257445
40.6314584257445
40.6314584257445
40.6314584257445
40.6314584257445
40.6314584257445
40.6314584257445
40.6314584257445
40.6314584257445
40.6314584257445
40.6314584257445
40.6314584257445
40.6314584257445
40.6314584257445
40.62920808212001
40.62695937890403
40.62583400773031
40.62582010612518
40.6089933996408
40.6314584257445
40.6314584257445
40.6314584257445
40.62920724517914
40.625830382430905
40.62245131172943
40.61683689371377
40.61458621091813
40.61458814951449
40.620206963359045
40.61908363591799
40.6314584257445
40.630332525356266
40.62695547879255
40.61794925760542
40.61120376829923
40.60114278041235
40.607863996294704
40.616839936666295
40.62021336200315
40.623583171186176
40.62695715105009
40.6314584257445
40.62808091404635
40.621337888506524
40.619083913528
40.615719852593585
40.62469396001453
40.62470841879819
40.62920808191284
40.6303322472351
40.6314584257445
40.6314584257445
40.63033338699813
40.62920808219521
40.622460771364736
40.62133479107925
40.623580936403705
40.62808174832526
40.626960216096876
40.63033308343957
40.63033308343957
40.6314584257445
40.6314584257445
40.63155800789011
40.62580877675981
40.6224371606257
40.62356424791726
40.61906417522165
40.624702552615425
40.62920557111555
40.6303328040442
40.63033308343957
40.6314584257445
40.6314584257445
45.57278295903835
40.526196442792475

40.53501885884587
40.587635841438846
40.617963151377495
40.62583177480626
40.6292061305992
40.63033308337048
40.6314584257445
40.6314584257445
40.6314584257445
40.6314584257445
40.62920736824927
40.630326397131
40.62807618041565
40.629203335891354
40.63033224412337
40.630333083231626
40.6314584257445
40.6314584257445
40.6314584257445
40.6314584257445
41.10666634271951
40.62745202310524
40.625833539106196
40.62583289149849
40.620191134226204
40.62694598465691
40.63033224412337
40.630333083231626
40.6314584257445
40.6314584257445
40.6314584257445
1013.2865051011745
47.161851872361005
40.60149455710699
40.58655918295635
40.60103230521216
40.61791269506125
40.62469723541191
40.62920222837405
40.6314584257445
40.6314584257445
40.62920836097006
40.6314584257445
40.6314584257445
40.6314584257445
40.6314584257445
40.6314584257445
40.6314584257445
40.6314584257445
40.6314584257445
40.6314584257445
40.6314584257445
40.62920836097006
40.6314584257445
40.631458425744505
40.631458425744505
40.6314584257445
40.6314584257445
40.63033308343957
40.629203063475195
40.628079242873376
40.623590956692674
40.626954090950534
40.614599006832805
40.6314584257445
40.6314584257445
40.6314584257445
40.6314584257445
40.62583010435279
40.621328122600026
40.617952853683434
40.61795840516663
40.61683382718701
40.61796203441223
40.622450475132446
40.6314584257445
40.6314584257445
40.6258295508283
40.614590452852696
40.61120731089283
40.60673604357327
40.610079550552854
40.616813817674625
40.62357089904084
40.62920640982687
40.62583400739434
40.6314584257445
40.6314584257445
40.628142984160924
40.62583180891684
40.620210302922516
40.62470090354443
40.626954644290876
40.626958544539534
40.6314584257445
40.6314584257445
40.63033308343959
40.6314584257445
40.6314584257445
40.6247693315439
40.624677353290046
40.62020918117419
40.622462708356245
40.628077841708034
40.62808425782397
40.63033308343957
40.6314584257445
40.6314584257445
40.6314584257445
40.63030729139145
40.624691504672164
40.62580931670792
40.6224485061097
40.628082027405895
40.62920640831214
40.63033168972675
40.6314584257445
40.6314584257445
40.6314584257445
40.63535521011785
40.62497743823827
40.592256385426055
40.59903562198598
40.6156701703445
40.621325026716875
40.626955196721696
40.63033308350865
40.6314584257445
40.6314584257445
40.6314584257445
40.63033308343957
40.625834286580954
40.62470745019002
40.621332000990705
40.621331447136576
40.61909755165556
40.62695910188634
40.63033336229733
40.6314584257445
40.6314584257445
40.6314584257445
40.87064250583122
40.65449054788353
40.62837155292217
40.616787584192465
40.61909363609412
40.626955188582784
40.63033308337042
40.63033308343957
40.6314584257445
40.6314584257445
40.6314584257445
50.07342205822347
75.07224922550022
40.875045524139125
40.56759853008231
40.60337924802402
40.61792291981959
40.62470869510063
40.6303322472351
40.6314584257445
40.6314584257445
40.6314584257445
40.6314584257445
40.6314584257445
40.6314584257445
40.6314584257445
40.6314584257445
40.6314584257445
40.6314584257445
40.6314584257445
40.6314584257445
40.6314584257445
40.6314584257445
40.6314584257445
40.6314584257445
40.6314584257445
40.6314584257445
40.6314584257445
40.63032973573177
40.62695910015903
40.62920390088786
40.62583567538605
40.629206132531415
40.62133258613918
40.6314584257445
40.6314584257445
40.6314584257445
40.62582119405183
40.616823256872884
40.617954522243636
40.61683188740215
40.61459341968309
40.6179542730318
40.62357454791357
40.61683966969523
40.6314584257445
40.62808258527683
40.62918740733669
40.61232495937915
40.60445853091198
40.60670886739677
40.611231746816735
40.61794232232333
40.62020219895445
40.623584285301476
40.626957149809556
40.6314584257445
40.63033224481406
40.6190772293581
40.61794257586253
40.6156937645954
40.619074708761886
40.621341212013526
40.62808314263894
40.6314584257445
40.6314584257445
40.63033308350865
40.6314584257445
40.62694877249197
40.61570403714316
40.60783946496671
40.61796480593037
40.62469341715573
40.625834283725645
40.62695910181728
40.63033308343957
40.6314584257445
40.6314584257445
40.6314584257445
40.62689808133494
40.61450857027233
40.61680651805649
40.619074730980046
40.62695798699244
40.629207523500135
40.6314584257445
40.6314584257445
40.6314584257445
40.6314584257445
40.571744230332655
40.50716626765977
40.549113973634846
40.58960951155208
40.61344294518526
40.62021225647772
40.628078685954165
40.6314584257445
40.6314584257445
40.6314584257445
40.6314584257445
40.6314584257445
40.6314584257445
40.63033308343957
40.628082300349135
40.625834281291986
40.6280834212425
40.63033308343957
40.63033308343957
40.6314584257445
40.6314584257445
40.6314584257445
40.6314584257445
40.6314584257445
40.62694261039691
40.626932678955185
40.62694075847719
40.62920668465339
40.63033280432008
40.6314584257445
40.6314584257445
40.6314584257445
40.6314584257445
40.51423179193834
40.6161538855284
40.56375874681693
40.57529984240283
40.59330813639228
40.6123474543315
40.62469338765299
40.63033168593431
40.6314584257445
40.6314584257445
40.6314584257445
40.6314584257445
40.6314584257445
40.6314584257445
40.6314584257445
40.6314584257445
40.6314584257445
40.6314584257445
40.6314584257445
40.6314584257445
40.6314584257445
40.6314584257445
40.6314584257445
40.6314584257445
40.6314584257445
40.6314584257445
40.62920334740961
40.62695631490071
40.62470786240184
40.624708697325175
40.629206688261874
40.628078966220265
40.621338153260446
40.6314584257445
40.6314584257445
40.62920445895498
40.622454922588446
40.61122541753357
40.610103103097785
40.617962591570574
40.62133425122232
40.62245353774017
40.62470563552951
40.62133703464213
40.6314584257445
40.63032778786623
40.61571123421348
40.60001700884163
40.592156933624274
40.604469330725564
40.61680132322357
40.620205570748894
40.621333971098856
40.624708974917745
40.62695464600992
40.6314584257445
40.621330361315174
40.60896255322589
40.60672053650907
40.60448344878037
40.61123897826617
40.62243800051665
40.62808342108867
40.629208360970054
40.63033308343957
40.630333362297335
40.63033308343957
40.61909000186964
40.613457335622606
40.61008809038492
40.61457980345308
40.62133563262556
40.62920696735666
40.63033308343957
40.6314584257445
40.6314584257445
40.6314584257445
40.62857887451604
40.61681114089373
40.61679971259141
40.6168136164708
40.622452953883375
40.62920445653026
40.6314584257445
40.6314584257445
40.6314584257445
40.6314584257445
40.6314584257445
43.89876041529362
40.50172539438248
40.54118360865609
40.589631020925964
40.61563197505599
40.62808063513249
40.6314584257445
40.63033252480425
40.6314584257445
40.6314584257445
40.6314584257445
40.62152012502705
40.61675613157844
40.62007440016602
40.628061556054504
40.62920751925629
40.63033252397358
40.63033308343957
40.6314584257445
40.6314584257445
40.6314584257445
40.6314584257445
40.6314584257445
40.629207809202825
40.63033308343957
40.63033308343957
40.628075333093236
40.62808258527682
40.629206131564764
40.6314584257445
40.6314584257445
40.6314584257445
40.6314584257445
40.488397298104346
40.57977182033835
40.58357798073903
40.59436096723138
40.59881830821383
40.61459483655855
40.62246131540288
40.626955756847906
40.63033224654445
40.6314584257445
40.6314584257445
40.6314584257445
40.6314584257445
40.6314584257445
40.6314584257445
40.6314584257445
40.6314584257445
40.6314584257445
40.6314584257445
40.6314584257445
40.6314584257445
40.6292080817748
40.6314584257445
40.6314584257445
40.6314584257445
40.62695658859819
40.62695575962161
40.62358706585144
40.62470647455232
40.62583289287601
40.62583261340716
40.62695854404062
40.62358428429862
40.6314584257445
40.6314584257445
40.623564015719694
40.61123287907956
40.602197549049365
40.60671829888175
40.61680158842859
40.620210856859615
40.623580942068386
40.62695742885738
40.624710088537405
40.6314584257445
40.6314584257445
40.61571652272414
40.59892380634087
40.566499260473805
40.59438798266819
40.60787177608372
40.61684134601255
40.620202806454195
40.623585675273276
40.626956871863655
40.6314584257445
40.62244918566615
40.61007923124018
40.60224412008324
40.606744974020586
40.62133369001283
40.62807784444572
40.62920584627975
40.63033308343957
40.6314584257445
40.6314584257445
40.63033308343957
40.615359907955515
40.60560669590401
40.617933968000656
40.61570729097117
40.62357287216679
40.62695631071986
40.63033308343957
40.6314584257445
40.6314584257445
40.6314584257445
43.76391743897893
40.595476443834634
40.59999242112977
40.61006201510949
40.614600676955284
40.628082860217816
40.6314584257445
40.6314584257445
40.6314584257445
40.6314584257445
40.6314584257445
40.624921444322815
40.5872473364587
40.597620026487135
40.62014779906032
40.626952655601414
40.63033224577611
40.6314584257445
40.6314584257445
40.6314584257445
40.6314584257445
40.6314584257445
41.64704230150853
40.541833276669415
40.55507903251989
40.61560907276758
40.62808258527682
40.6314584257445
40.6314584257445
40.6314584257445
40.6314584257445
40.6314584257445
40.6314584257445
40.75451024541749
40.6281063993949
40.62582844072189
40.629206965909084
40.628071449397886
40.63033112690661
40.6314584257445
40.6314584257445
40.6314584257445
40.6314584257445
40.6314584257445
300.2895995470377
41.51655060109212
40.59884497711746
40.59661198473502
40.59999567480054
40.61684382743472
40.62807423504976
40.629206689525375
40.63033196333981
40.6314584257445
40.630331690071976
40.6314584257445
40.6314584257445
40.6314584257445
40.6314584257445
40.62920333446002
40.6314584257445
40.62807176714579
40.63033252309011
40.6314584257445
40.6314584257445
40.63033169007215
40.6314584257445
40.629205574159734
40.62583400684209
40.617941124544245
40.61117314771375
40.619069379124355
40.621337590757435
40.626952134854946
40.62808174562527
40.62920724536915
40.6258315019101
40.63033308343957
40.62470869793941
40.61456526052607
40.58415182270665
40.548686817666116
40.60649626110073
40.61906399762124
40.62132591849461
40.62582509531228
40.62695854376442
40.62695631600357
40.629207803285375
40.59324499486359
40.60780905787371
40.57863663470139
40.54879037505641
40.60221207312524
40.58889652435732
40.611235105868836
40.615717629890575
40.62583150181774
40.62583205818377
40.62361378709511
40.603369840590474
40.602217868617636
40.60561237049645
40.61571012073905
40.621324516414965
40.62470674416295
40.625833450347876
40.63033308343957
40.6314584257445
40.6314584257445
40.687048791694096
40.59890613838294
40.59103263202627
40.60443945690078
40.621314458890254
40.62808230474637
40.63032890387107
40.63033308343957
40.6314584257445
40.6314584257445
40.6314584257445
40.61685172169499
40.59661692755999
40.601110095443076
40.617933970364504
40.62582117868894
40.62807642256315
40.629207242732285
40.629205573995335
40.63033308343957
40.6314584257445
40.6314584257445
40.64091762398159
40.599926243272705
40.60556689024901
40.62020834396953
40.622462717578344
40.6314584257445
40.6314584257445
40.6314584257445
40.6314584257445
40.6314584257445
40.6314584257445
44.41300686888081
40.56525632706736
40.597559047306305
40.61570256331024
40.62694570480183
40.63033224405404
40.6314584257445
40.6314584257445
40.6314584257445
40.6314584257445
40.6314584257445
40.842602970291225
40.59775118833856
40.60783435323156
40.60449512736038
40.62019805096286
40.622464668594944
40.630332525700986
40.6314584257445
40.6314584257445
40.6314584257445
40.6314584257445
212.05610261992916
40.63575397760349
40.62019027556954
40.611216515890135
40.61683297386871
40.62243740554979
40.62694573108543
40.62581286876002
40.629205852776316
40.62920668775674
40.62471008922051
40.6314584257445
40.628080909112626
40.60557440083762
40.59214302979077
40.613472880454026
40.59552059781312
40.61909143058375
40.62583512294686
40.6314584257445
40.6314584257445
40.6314584257445
40.62245966416721
40.57430475173364
40.54300624293394
40.51542300200316
40.52864218023477
40.5649679000434
40.594414542111465
40.610024716339026
40.62246299561417
40.62920446150459
40.62470925398248
40.63033224695883
40.626936628249965
40.619015201326164
40.61220721901206
40.618991173449714
40.60781762516513
40.61008480364221
40.61793424945368
40.619076613916576
40.624708140347344
40.626955759041024
40.62695742940889
40.59773574272987
40.57316838680414
40.58875127479305
40.59771163756878
40.61564384934503
40.61346624649437
40.619083645763524
40.62583150397435
40.628080357239455
40.62358623459555
40.62021091213063
40.592134531332796
40.601342890185144
40.602218064592435
40.621332581636075
40.63033085313262
40.6314584257445
40.62920668465005
40.6314584257445
40.6314584257445
40.6314584257445
40.63276671150561
40.60898100284534
40.60560517875076
40.62133034747085
40.63033308323226
40.630333362297335
40.63033308350866
40.6314584257445
40.6314584257445
40.6314584257445
40.6314584257445
40.616833847447275
40.61682464307658
40.62358456317012
40.626956315283095
40.630332246682805
40.6314584257445
40.6314584257445
40.6314584257445
40.6314584257445
40.6314584257445
40.6314584257445
40.616876042699474
40.62019998111255
40.62469921541964
40.629205573298606
40.6314584257445
40.6314584257445
40.6314584257445
40.6314584257445
40.6314584257445
40.6314584257445
40.6314584257445
40.673643140126664
40.61008502085476
40.617946090142766
40.629204456806804
40.63032945802612
40.6314584257445
40.6314584257445
40.6314584257445
40.6314584257445
40.6314584257445
40.6314584257445
40.7730217608451
40.61099035211286
40.604482970247446
40.61345816466238
40.61682769480004
40.62808258513821
40.628082305442106
40.6314584257445
40.630333362297335
40.6314584257445
40.6314584257445
159.46809263234223
41.30747106514859
40.608964545062314
40.61119842903292
40.61568536084621
40.62582479021423
40.62695323686735
40.63033224592012
40.6314584257445
40.6314584257445
40.6314584257445
40.6314584257445
40.625770121095606
40.61564326248785
40.62133257862734
40.62920362330353
40.630327504156625
40.6314584257445
40.6314584257445
40.6314584257445
40.6314584257445
40.6314584257445
40.61359178933301
40.49781323743086
40.44206655603302
40.464444375789455
40.51405678715136
40.565748518791494
40.59777728673137
40.62020776218462
40.62694709551103
40.630333362297335
40.62920724600766
40.6157113319949
40.58958129472483
40.56268226354317
40.57033156989796
40.571554700331866
40.57742831966157
40.60210902063748
40.61572231899293
40.62356927942237
40.62695798562996
40.62583289362006
40.623963817924235
40.610017184838114
40.61225332677624
40.61456051681255
40.61681813481284
40.610055875660265
40.60784179747957
40.60788116605774
40.617972034360434
40.62583316894067
40.62695687146352
41.137301709137304
40.544033972546266
40.597741139748095
40.612338829645026
40.622447916886216
40.625825362423626
40.62132226777943
40.62469337417703
40.62470064045789
40.62695186565162
40.62695770391181
40.5907867535927
40.553960197920695
40.61121289103597
40.622460212391644
40.626953244277374
40.62920389257406
40.63032945148415
40.63033308343957
40.6314584257445
40.6314584257445
40.6314584257445
41.12446880379804
40.577424354409736
40.619084747578114
40.62808202727091
40.6314584257445
40.6314584257445
40.63033112813218
40.6314584257445
40.6314584257445
40.6314584257445
40.6314584257445
44.105205931419846
42.768410996719844
40.62133090627524
40.6314584257445
40.6314584257445
40.6314584257445
40.6314584257445
40.6314584257445
40.6314584257445
40.6314584257445
40.6314584257445
42.35712316052659
40.608054771513444
40.614568650331286
40.63033308343957
40.6314584257445
40.6314584257445
40.6314584257445
40.6314584257445
40.6314584257445
40.6314584257445
40.6314584257445
60.90307233836922
40.63345782396776
40.628083912379935
40.6314584257445
40.6314584257445
40.6314584257445
40.6314584257445
40.6314584257445
40.6314584257445
40.6314584257445
40.6314584257445
843.2102376224069
50.7459496032579
40.60333598704191
40.59884098910613
40.604443219492204
40.61567615797539
40.62244235198307
40.626951299784125
40.62920808212
40.63033308343957
40.63033308343957
40.6314584257445
40.628079787698816
40.62693521997318
40.62920362330353
40.6314584257445
40.6314584257445
40.6314584257445
40.6314584257445
40.6314584257445
40.6314584257445
40.6314584257445
40.62240962142703
40.57418152423479
40.588450049531126
40.600936049001454
40.6097552394358
40.62014131829617
40.62581149236636
40.62920557315447
40.6314584257445
40.6314584257445
40.6314584257445
40.611035021293645
40.52424210604049
40.47939279193044
40.470067167462894
40.51778212625588
40.569425853513614
40.60339840518557
40.622431054972054
40.62920836097006
40.6314584257445
40.626958823029156
40.63033308343957
40.61224428774712
40.607644804297635
40.574931318728574
40.56706267342254
40.57089252127409
40.594391817025496
40.607793134905435
40.62468867755491
40.62807673674528
40.62808202865013
40.691376947080386
40.61793676956526
40.62357953783821
40.624673772567746
40.612261545583294
40.60214037634031
40.59770068623328
40.60219972044823
40.61125645396408
40.622441909481275
40.62920445105924
40.70803394681767
40.61120212193723
40.629207803285375
40.629207244625555
40.6303260973504
40.62808286415738
40.62807616053392

40.629203634066705
40.62695020995001
40.6314584257445
40.63033308343957
40.615805210675035
40.62035304943409
40.628070882858495
40.62695770529821
40.630332247027184
40.62920808204976
40.63033280155268
40.63032945253865
40.631458425744505
40.6303316877312
40.63033308343957
40.712561462824695
40.6269527443861
40.6314584257445
40.6314584257445
40.6314584257445
40.6314584257445
40.6314584257445
40.6314584257445
40.6314584257445
40.6314584257445
40.6314584257445
40.620461673442584
40.62695742940889
40.6314584257445
40.6314584257445
40.6314584257445
40.6314584257445
40.6314584257445
40.6314584257445
40.6314584257445
40.6314584257445
40.6314584257445
41.081027385852735
40.6314584257445
40.63033308343957
40.6314584257445
40.6314584257445
40.6314584257445
40.6314584257445
40.6314584257445
40.6314584257445
40.6314584257445
40.6314584257445
261.25797984152507
41.1120775275971
40.604462597548675
40.591043752472984
40.60552833582886
40.61118606554845
40.616839624503896
40.62245518951049
40.62920445763772
40.62920640559218
40.62808342068929
40.6314584257445
40.6314584257445
40.6314584257445
40.6314584257445
40.6314584257445
40.6314584257445
40.6314584257445
40.6314584257445
40.6314584257445
40.6314584257445
40.6314584257445
40.62695520020897
40.621337037857174
40.630330854236654
40.6314584257445
40.6314584257445
40.6314584257445
40.6314584257445
40.6314584257445
40.6314584257445
40.6314584257445
40.6314584257445
40.61681925510155
40.572961549367946
40.555988184373334
40.56589026496597
40.59868841155102
40.620157877316565
40.628070355604045
40.6314584257445
40.6314584257445
40.6314584257445
40.6314584257445
40.62695491739879
40.59984994370669
40.55503710995411
40.541808449899214
40.56407278895718
40.589684898477614
40.6168307524689
40.62580229544796
40.629207803285375
40.6314584257445
40.62695910181728
40.6258323356766
40.62693289868727
40.608798747148384
40.56619528195903
40.51642769088696
40.540903337639
40.57995346576576
40.60226597994786
40.62694990678776
40.63033112802255
40.62808202422611
40.617960646563645
40.629207803285375
40.6314584257445
40.618959261542315
40.602061558535205
40.578484147245824
40.585203676860544
40.60562240183173
40.621306481187446
40.62808174503766
40.63033280473698
40.62245577916363
40.629207803285375
40.6314584257445
40.63033308343957
40.62808341944833
40.62920808039469
40.62919551459212
40.62583011690734
40.62920780321542
40.62920808194282
40.6314584257445
40.62808286408832
40.63033308343957
40.6314584257445
40.63032334123477
40.6314584257445
40.63032611935463
40.63033308343957
40.62805578387922
40.6292058458934
40.63033280466627
40.6314584257445
40.629207803285375
40.6314584257445
40.6314584257445
40.6314584257445
40.6314584257445
40.6314584257445
40.6314584257445
40.6314584257445
40.6314584257445
40.6314584257445
40.6314584257445
40.63490433107069
40.6314584257445
40.6314584257445
40.6314584257445
40.6314584257445
40.6314584257445
40.6314584257445
40.6314584257445
40.6314584257445
40.6314584257445
40.6314584257445
97.29399434539371
40.711352843609795
40.598061981178574
40.591017943653036
40.597735158067124
40.60222919201261
40.61789702110498
40.61568041460466
40.613450704719945
40.62583400280816
40.62358233636763
40.6314584257445
40.6314584257445
40.6314584257445
40.6314584257445
40.6314584257445
40.6314584257445
40.6314584257445
40.6314584257445
40.6314584257445
40.6314584257445
40.6314584257445
40.63033308343957
40.63033308343957
40.6314584257445
40.6314584257445
40.6314584257445
40.6314584257445
40.6314584257445
40.6314584257445
40.6314584257445
40.6314584257445
40.6314584257445
40.62920473351336
40.62920808212
40.6314584257445
40.6314584257445
40.6314584257445
40.6314584257445
40.6314584257445
40.6314584257445
40.6314584257445
40.6314584257445
40.6314584257445
40.62470228337462
40.61344643971286
40.59881427163021
40.60885039761824
40.619009977836484
40.62805720581394
40.630329737588816
40.6314584257445
40.6314584257445
40.6314584257445
40.63033308343957
40.6314584257445
40.62130669170601
40.59996357443747
40.58644762356476
40.58638827931218
40.60557285250401
40.62353678056048
40.628063403937894
40.630326128468894
40.6314584257445
40.62920808219065
40.62920501633917
40.62808090631771
40.60560654721345
40.55215887861435
40.48711774419814
40.4889877488436
40.56101519939275
40.616818312720866
40.629202776648334
40.629207806530815
40.629208367362104
40.63033113145878
40.6314584257445
40.6314584257445
40.62123353980103
40.594080541175295
40.573904209714996
40.58751524323003
40.63032973450685
40.62920724220343
40.6314584257445
40.6314584257445
40.63033308343957
40.6314584257445
40.6314584257445
40.629207803285375
40.62919944065983
40.6314584257445
40.628056944930755
40.62354682317047
40.62807535494218
40.6314584257445
40.6314584257445
40.63033308343957
40.6314584257445
40.6314584257445
40.6314584257445
40.6314584257445
40.6314584257445
40.630315906629036
40.630331401818886
40.6314584257445
40.6314584257445
40.6314584257445
40.63699440642936
40.6314584257445
40.6314584257445
40.6314584257445
40.6314584257445
40.6314584257445
40.6314584257445
40.6314584257445
40.6314584257445
40.6314584257445
40.6314584257445
94.74258480739564
40.64246508824124
40.58902356229877
40.58764677009994
40.59320009290659
40.60769709185899
40.56965573736026
40.567473182587634
40.60228842711606
40.62017653180619
40.62133536404234
40.6314584257445
40.6314584257445
40.6314584257445
40.6314584257445
40.6314584257445
40.6314584257445
40.6314584257445
40.6314584257445
40.6314584257445
40.6314584257445
40.6314584257445
40.6314584257445
40.6314584257445
40.6314584257445
40.6314584257445
40.6314584257445
40.6314584257445
40.6314584257445
40.6314584257445
40.6314584257445
40.6314584257445
40.6314584257445
40.6314584257445
40.6314584257445
40.6314584257445
40.6314584257445
40.6314584257445
40.6314584257445
40.6314584257445
40.6314584257445
40.6314584257445
40.6314584257445
40.6314584257445
40.63033308343957
40.630328898963896
40.6314584257445
40.63032776007947
40.6314584257445
40.6314584257445
40.6314584257445
40.6314584257445
40.6314584257445
40.6314584257445
40.6314584257445
40.63033308343957
40.62695602928457
40.62920751935574
40.628061957437694
40.63033336229733
40.6314584257445
40.6314584257445
40.6314584257445
40.6314584257445
40.6314584257445
40.63033308343957
40.6314584257445
40.62808091049717
40.6201969524683
40.614502421878576
40.611063202870255
40.60985454027595
40.628038047790604
40.63033280908892
40.629225924752895
40.6314584257445
40.6303594939861
40.6314584257445
40.629207803285375
40.623580657511326
40.59661843676825
40.5151626952925
40.487798912730284
40.61768008599521
40.63032994806452
40.6314584257445
40.63033308344061
40.63033308764981
40.6314584257445
40.6314584257445
40.6314584257445
40.62919973007272
40.613147575043236
40.55329105238866
40.62919332918892
40.63033280101125
40.6314584257445
40.6314584257445
40.63035006904492
40.6314584257445
40.6314584257445
40.6314584257445
40.629208360970054
40.630332804735396
40.630333083370516
40.62693690399122
40.63033308336959
40.6314584257445
40.6314584257445
40.6314584257445
40.6314584257445
40.6314584257445
40.6314584257445
40.6314584257445
40.6314584257445
40.6314584257445
40.6314584257445
40.6314584257445
40.6314584257445
40.6314584257445
40.6314584257445
96.41220774657897
40.815972631973175
40.59819128216257
40.5906219152872
40.60019791761668
40.56949654776065
40.37670508103062
40.54074007039244
40.60004458366923
40.61454521697177
40.62357422511052
40.6314584257445
40.6314584257445
40.6314584257445
40.6314584257445
40.6314584257445
40.6314584257445
40.6314584257445
40.6314584257445
40.6314584257445
40.6314584257445
40.6314584257445
40.6314584257445
40.6314584257445
40.6314584257445
40.6314584257445
40.6314584257445
40.6314584257445
40.6314584257445
40.6314584257445
40.6314584257445
40.6314584257445
40.6314584257445
40.6314584257445
40.6314584257445
40.6314584257445
40.6314584257445
40.6314584257445
40.6314584257445
40.6314584257445
40.6314584257445
40.6314584257445
40.6314584257445
40.6314584257445
40.6314584257445
40.6314584257445
40.6314584257445
40.6314584257445
40.6314584257445
40.6314584257445
40.6314584257445
40.6314584257445
40.6314584257445
40.6314584257445
40.631458425744505
40.6314584257445
40.6314584257445
40.6314584257445
40.6314584257445
40.6314584257445
40.6314584257445
40.6314584257445
40.6314584257445
40.6314584257445
40.6314584257445
40.66912206892145
40.6314584257445
40.6314584257445
40.6314584257445
40.6314584257445
40.6314584257445
40.6314584257445
40.6314584257445
40.6314584257445
40.665530000976574
40.6314584257445
40.667996030521195
40.6314584257445
40.6314584257445
40.6292064089281
40.623540987365324
40.62122998118493
40.62684618525383
40.6314584257445
40.70121293734124
40.665530000976574
40.6314584257445
40.7368840148799
40.6314584257445
40.6314584257445
40.6314584257445
40.61797974772953
40.586981207749915
40.59512755921357
40.6314584257445
40.66429798199556
40.6314584257445
40.66618219621404
40.69885964629589
40.6314584257445
40.6314584257445
40.6314584257445
40.6314584257445
40.623565339109376
40.62191188937407
40.6314584257445
40.6314584257445
40.6314584257445
40.6314584257445
40.73305354845244
40.6314584257445
40.6314584257445
40.6314584257445
40.6314584257445
40.6314584257445
40.6314584257445
40.6314584257445
40.6314584257445
40.6314584257445
40.6314584257445
40.6314584257445
69.85383109742367
41.59517125955693
47.88939509394193
40.84712472426118
47.55521816676643
41.190055281330196
41.93244438320985
40.59187738715932
40.65098162027336
40.76044912098726
40.83457341518981
40.6314584257445
40.6314584257445
40.6314584257445
40.6314584257445
40.6314584257445
40.6314584257445
40.6314584257445
40.6314584257445
40.6314584257445
40.6314584257445
40.6314584257445
40.6314584257445
40.6314584257445
40.6314584257445
40.6314584257445
40.6314584257445
40.6314584257445
40.6314584257445
40.6314584257445
40.6314584257445
40.6314584257445
40.6314584257445
40.6314584257445
40.6314584257445
40.6314584257445
40.6314584257445
40.6314584257445
40.6314584257445
40.6314584257445
40.6314584257445
40.6314584257445
40.6314584257445
40.6314584257445
40.6314584257445
40.6314584257445
40.6314584257445
40.6314584257445
40.6314584257445
40.6314584257445
40.6314584257445
40.6314584257445
40.6314584257445

40.6314584257445
40.6314584257445
40.6314584257445
40.6314584257445
40.6314584257445
40.6314584257445
40.6314584257445
40.6314584257445
40.6314584257445
40.6314584257445
40.6314584257445
40.6314584257445
40.6314584257445
40.6314584257445
40.6314584257445
40.6314584257445
40.6314584257445
40.6314584257445
40.6314584257445
40.6314584257445
40.6314584257445
40.6314584257445
40.6314584257445
201.66553027774762
40.6314584257445
40.6314584257445
40.6314584257445
40.6314584257445
40.6314584257445
40.6314584257445
40.6314584257445
40.66429798199556
182.63034150216959
182.63145842574448
188.63145842574448
40.6314584257445
40.6314584257445
40.6314584257445
40.6314584257445
40.62579385993705
40.6314584257445
159.63145842574448
177.65982936890708
40.6314584257445
40.6314584257445
191.73702733817495
40.6314584257445
40.6314584257445
40.6314584257445
40.66255589052647
51.42265361311552
40.6314584257445
40.6314584257445
40.6314584257445
40.6314584257445
40.6314584257445
330.7022319292014
40.6314584257445
40.6314584257445
40.6314584257445
170.63145842574448
41.10399740296645
40.86166845930173
40.6314584257445
40.6314584257445
40.70346690592134
169.63145842574448
40.6314584257445
782.4780944297911
83.4860216960994
643.763383715309
946.1225656528984
1943.60418144792
973.9399953224564
596.4989825231454
335.6845497283214
738.889350868667
185.26150012549635
471.08233456828185
40.6314584257445
40.6314584257445
40.6314584257445
40.6314584257445
40.6314584257445
40.6314584257445
40.6314584257445
40.6314584257445
40.6314584257445
40.6314584257445
40.6314584257445
40.6314584257445
40.6314584257445
40.6314584257445
40.6314584257445
40.6314584257445
40.6314584257445
40.6314584257445
40.6314584257445
40.6314584257445
40.6314584257445
40.6314584257445
40.6314584257445
40.6314584257445
40.6314584257445
40.6314584257445
40.6314584257445
40.6314584257445
40.6314584257445
40.6314584257445
40.6314584257445
40.6314584257445
40.6314584257445
40.6314584257445
40.6314584257445
40.6314584257445
40.6314584257445
40.6314584257445
40.6314584257445
40.6314584257445
40.6314584257445
40.6314584257445
40.6314584257445
40.6314584257445
40.6314584257445
40.6314584257445
40.6314584257445
40.6314584257445
40.6314584257445
40.6314584257445
40.6314584257445
40.6314584257445
40.6314584257445
40.6314584257445
40.6314584257445
40.6314584257445
40.6314584257445
40.6314584257445
40.6314584257445
40.6314584257445
40.6314584257445
40.6314584257445
40.6314584257445
40.6314584257445
40.6314584257445
40.6314584257445
40.6314584257445
40.6314584257445
40.6314584257445
40.6314584257445
40.6314584257445
40.6314584257445
40.6314584257445
40.6314584257445
40.6314584257445
40.6314584257445
40.6314584257445
40.6314584257445
40.6314584257445
40.6314584257445
40.6314584257445
40.6314584257445
40.6314584257445
40.6314584257445
40.6314584257445
40.6314584257445
40.6314584257445
40.6314584257445
40.6314584257445
40.6314584257445
40.6314584257445
40.6314584257445
40.6314584257445
40.6314584257445
40.6314584257445
40.6314584257445
40.6314584257445
40.6314584257445
40.6314584257445
40.6314584257445
40.6314584257445
40.6314584257445
40.6314584257445
40.66255589052647
40.6314584257445
40.6314584257445
40.6314584257445
40.6314584257445
40.6314584257445
40.6314584257445
40.6314584257445
40.6314584257445
40.6314584257445
40.6314584257445
40.6309791908302
47.775921617657744
41.091057224939576
41.0088353932758
70.70729643432735
49.88178227193152
46.48458742902916
40.6314584257445
40.6314584257445
40.6314584257445
40.6314584257445
40.6314584257445
40.6314584257445
40.6314584257445
40.6314584257445
40.6314584257445
40.6314584257445
40.6314584257445
40.6314584257445
40.6314584257445
40.6314584257445
40.6314584257445
40.6314584257445
40.6314584257445
40.6314584257445
40.6314584257445
40.6314584257445
40.6314584257445
40.6314584257445
40.6314584257445
40.6314584257445
40.6314584257445
40.6314584257445
40.6314584257445
40.6314584257445
40.6314584257445
40.6314584257445
40.6314584257445
40.6314584257445
40.6314584257445
40.6314584257445
40.6314584257445
40.6314584257445
40.6314584257445
40.6314584257445
40.6314584257445
40.6314584257445
40.6314584257445
40.6314584257445
40.6314584257445
40.6314584257445
40.6314584257445
40.6314584257445
40.6314584257445
40.6314584257445
40.6314584257445
40.6314584257445
40.6314584257445
40.6314584257445
40.6314584257445
40.6314584257445
40.6314584257445
40.6314584257445
40.6314584257445
40.6314584257445
40.6314584257445
40.6314584257445
40.6314584257445
40.6314584257445
40.6314584257445
40.6314584257445
40.6314584257445
40.6314584257445
40.6314584257445
40.6314584257445
40.6314584257445
40.6314584257445
40.6314584257445
40.6314584257445
40.6314584257445
40.6314584257445
40.6314584257445
40.6314584257445
40.6314584257445
40.6314584257445
40.6314584257445
40.6314584257445
40.6314584257445
40.6314584257445
40.6314584257445
40.6314584257445
40.6314584257445
40.6314584257445
40.6314584257445
40.6314584257445
40.6314584257445
40.6314584257445
40.6314584257445
40.6314584257445
40.6314584257445
40.6314584257445
40.6314584257445
40.6314584257445
40.6314584257445
40.6314584257445
40.6314584257445
40.6314584257445
40.6314584257445
40.6314584257445
40.6314584257445
40.6314584257445
40.6314584257445
40.6314584257445
40.6314584257445
40.6314584257445
40.6314584257445
40.6314584257445
40.6314584257445
40.6314584257445
40.6314584257445
40.6314584257445
40.63274970047516
40.63532798830361
40.632212348610295
40.74463142978606
41.023537967078234
41.13311557304054
40.72363946334227
40.6314584257445
40.6314584257445
40.6314584257445
40.6314584257445
40.6314584257445
40.6314584257445
40.6314584257445
40.6314584257445
40.6314584257445
40.6314584257445
40.6314584257445
40.6314584257445
40.631458425744505